14 14 14 14 14 14 14 14 14 14 14 14 14 14 14 14 14 14 14 14 
14 14 14 14 14 14 14 14 14 14 14 14 14 14 14 14 14 14 14 14 
14 14 14 14 14 14 14 14 14 14 14 14 14 14 14 14 14 14 14 14 
14 14 14 14 14 14 14 14 14 14 3 14 14 14 14 14 14 14 10 14 
14 14 14 14 14 14 14 14 14 14 14 14 14 14 14 14 14 14 10 14 
14 14 14 14 14 14 14 14 14 14 14 14 14 14 14 14 14 14 10 14 
14 3 14 14 14 14 14 14 14 14 14 14 14 14 14 14 14 14 14 14 
14 14 14 14 14 14 14 14 14 14 14 14 14 14 14 14 14 14 14 14 
14 14 14 14 14 14 14 14 14 14 14 14 14 14 14 14 10 14 14 14 
14 14 14 14 14 14 14 14 14 14 14 14 14 14 14 14 10 14 14 14 
14 14 14 14 14 14 14 14 14 14 14 14 14 14 14 14 14 14 14 14 
14 14 14 14 14 14 14 10 14 14 14 14 14 14 14 14 14 14 14 14 
14 14 14 14 14 14 14 10 14 14 14 14 14 14 14 14 14 14 14 14 
14 14 14 14 14 14 14 14 14 14 14 14 14 14 10 14 14 14 14 14 
14 14 14 14 14 14 14 14 14 14 14 14 14 14 10 14 14 14 14 14 
14 14 14 14 14 14 14 14 14 14 14 14 14 14 14 14 14 14 14 14 
3 14 14 14 14 14 14 14 14 14 14 14 14 14 14 14 14 14 14 14 
14 14 14 14 14 14 14 14 14 14 14 14 14 14 14 14 14 14 14 14 
14 14 14 14 14 14 14 14 14 14 14 10 14 14 14 14 14 14 14 14 
14 14 14 14 14 14 14 14 14 14 14 10 14 14 14 14 14 14 14 14 
14 14 14 14 14 14 14 14 14 14 14 14 14 14 14 14 14 14 14 14 
14 14 14 14 14 14 14 14 14 14 14 14 14 14 14 14 14 14 14 14 
14 14 14 14 14 14 14 14 14 14 14 14 14 14 14 14 14 14 14 14 
14 14 14 14 14 14 14 10 14 14 14 14 14 14 14 14 14 14 14 14 
14 14 14 14 14 14 14 10 14 14 14 14 14 14 14 14 14 14 14 14 
14 14 14 14 14 14 14 14 14 14 14 14 14 14 14 14 14 14 14 14 
14 14 14 14 14 14 14 14 14 14 14 14 14 14 14 14 14 3 14 14 
14 14 14 14 14 14 14 14 14 14 14 14 14 14 14 14 14 14 14 14 
14 14 6 6 14 14 14 14 14 14 14 14 14 14 14 14 14 14 14 14 
14 14 6 6 14 14 14 14 14 14 14 14 14 14 14 14 14 14 14 14 
